                 [38;2;23;79;97m⣀[38;2;45;168;189m⣀[38;2;38;140;161m⣤[38;2;43;160;180m⣤[38;2;36;132;152m⣤[38;2;34;122;141m⣀[0m                                     
            [38;2;43;157;177m⣀[38;2;45;169;190m⣤[38;2;37;139;166m⣶[38;2;35;132;163m⣾[38;2;34;129;164m⣿[38;2;34;128;166m⣿[38;2;32;120;161m⣿[38;2;29;109;148m⣿[38;2;30;114;152m⡛[38;2;34;127;161m⠻[38;2;38;144;175m⢿[38;2;39;147;176m⣿[38;2;40;148;171m⣾[38;2;48;178;199m⣿[38;2;48;179;199m⣷[38;2;48;178;199m⣦[38;2;28;96;116m⡄[0m                               
         [38;2;45;165;185m⢀[38;2;47;177;197m⣴[38;2;45;168;191m⣿[38;2;38;145;179m⣿[38;2;29;110;149m⣿[38;2;26;97;136m⣿[38;2;26;96;135m⣿[38;2;27;101;140m⣿[38;2;25;93;131m⢿[38;2;29;110;153m⣿[38;2;30;112;155m⣿[38;2;28;106;147m⣿[38;2;22;78;104m⡐[38;2;41;150;170m⢷[38;2;31;115;142m⡍[38;2;25;91;128m⢛[38;2;33;121;148m⣿[38;2;51;193;214m⣿[38;2;52;194;215m⣿[38;2;43;159;179m⣷[38;2;38;137;157m⣄[0m                              
        [38;2;39;144;164m⣰[38;2;50;186;207m⣿[38;2;41;153;183m⡿[38;2;29;111;152m⠋[38;2;18;69;102m⣁[38;2;14;50;78m⡄[38;2;153;160;166m⢀[38;2;207;210;213m⣤[38;2;190;195;199m⣄[0m [38;2;15;61;92m⡙[38;2;21;84;122m⠛[38;2;24;94;133m⠻[38;2;24;93;131m⠿[38;2;23;89;127m⣶[38;2;25;96;135m⣾[38;2;27;105;146m⣿[38;2;27;102;143m⣿[38;2;22;81;108m⣭[38;2;24;95;125m⣿[38;2;23;90;120m⣿[38;2;19;75;104m⣿[0m                              
       [38;2;26;89;108m⢰[38;2;51;191;212m⣿[38;2;38;144;172m⡿[38;2;15;61;92m⣡[38;2;15;64;97m⣿[38;2;15;62;95m⡏[38;2;144;151;159m⣠[38;2;150;157;164m⣜[38;2;192;197;201m⠿[38;2;204;208;211m⣿[38;2;184;189;194m⣧[38;2;82;105;123m⣈[38;2;15;65;98m⠻[38;2;15;64;98m⣆[0m [38;2;15;64;97m⣤[38;2;15;62;94m⣄[38;2;14;61;93m⡉[38;2;93;120;138m⣉[38;2;73;92;108m⡅[0m [38;2;120;129;138m⣶[38;2;154;160;167m⡄[0m                              
       [38;2;34;121;140m⢸[38;2;52;194;215m⣿[38;2;21;81;110m⣷[38;2;16;66;101m⣿[38;2;19;77;113m⣿[0m [38;2;185;190;195m⣿[38;2;248;249;249m⣿[38;2;224;227;229m⣿[38;2;213;216;219m⣶[38;2;181;186;191m⣮[38;2;185;190;195m⣭[38;2;224;226;228m⣤[38;2;79;102;120m⡌[38;2;15;60;92m⠣[38;2;15;62;94m⡘[38;2;15;64;97m⣿[38;2;16;66;100m⡇[38;2;149;157;164m⣿[38;2;79;91;103m⠃[0m [38;2;186;190;195m⠸[38;2;75;87;100m⠁[0m                              
       [38;2;20;64;82m⠈[38;2;45;167;187m⣿[38;2;27;108;138m⣿[38;2;26;100;141m⣿[38;2;30;112;155m⣿[38;2;19;61;89m⡄[38;2;138;146;154m⣬[38;2;166;172;178m⣝[38;2;187;191;196m⡛[38;2;188;192;197m⠿[38;2;214;217;219m⠿[38;2;213;216;218m⠿[38;2;202;206;209m⠿[38;2;160;167;173m⢟[38;2;41;55;71m⡀[38;2;14;55;85m⠈[38;2;14;57;88m⠪[38;2;15;61;94m⣃[38;2;14;59;91m⣐[38;2;15;61;93m⣃[38;2;14;52;81m⡀[0m                                
        [38;2;29;103;123m⠘[38;2;44;165;188m⢿[38;2;31;119;160m⣿[38;2;30;112;155m⣿[38;2;27;103;143m⣧[38;2;150;157;164m⠘[38;2;211;214;217m⣿[38;2;247;248;248m⣿[38;2;232;234;235m⣿[38;2;217;220;222m⣿[38;2;213;216;218m⣿[38;2;222;224;226m⣿[38;2;243;244;244m⣿[38;2;177;183;188m⣷[0m                                      
         [38;2;17;49;67m⠈[38;2;33;121;144m⠻[38;2;32;119;154m⣿[38;2;30;112;155m⣿[38;2;28;106;148m⣷[38;2;26;96;134m⣄[38;2;110;120;130m⠉[38;2;156;162;169m⢩[38;2;176;182;187m⣛[38;2;170;176;182m⣛[38;2;196;200;204m⣋[38;2;173;179;184m⣭[38;2;200;204;207m⣥[38;2;200;204;208m⣶[38;2;201;205;208m⣄[0m                                    
            [38;2;27;99;131m⠙[38;2;28;105;146m⠻[38;2;27;101;141m⣿[38;2;27;102;142m⣿⣦[38;2;75;117;142m⣍[38;2;162;173;181m⡛[38;2;182;187;192m⠿[38;2;204;207;211m⠿[38;2;203;206;210m⠿[38;2;210;214;216m⠟[38;2;160;166;173m⣛[38;2;152;159;166m⣡[38;2;215;218;221m⣤[38;2;181;187;192m⣤[38;2;131;139;147m⣀[0m                                
               [38;2;21;73;104m⠉[38;2;26;98;138m⠙[38;2;25;97;137m⠻[38;2;25;96;135m⢿[38;2;25;95;133m⣷[38;2;27;102;142m⣦[38;2;24;88;124m⣤[38;2;103;130;148m⣙[38;2;223;226;227m⠛[38;2;199;203;206m⠿[38;2;166;172;178m⢟[38;2;159;166;172m⣫[38;2;183;188;193m⣥[38;2;192;197;201m⣶[38;2;214;217;220m⣶[38;2;198;202;206m⣶[38;2;156;163;170m⣦[38;2;89;100;112m⡤[0m                           
                   [38;2;14;49;77m⠈[38;2;18;72;107m⠉[38;2;21;85;123m⠛[38;2;22;86;124m⢿[38;2;24;92;130m⣿[38;2;25;95;133m⣷[38;2;27;100;139m⣦[38;2;84;127;152m⣍[38;2;159;170;179m⡛[38;2;208;212;215m⠛[38;2;149;156;164m⣩[38;2;189;194;198m⣴[38;2;216;219;222m⣶[38;2;219;222;224m⣾[38;2;210;213;216m⣿[38;2;211;214;217m⣿[38;2;181;186;191m⣿[38;2;187;192;196m⣶[38;2;149;156;163m⣦[38;2;75;86;100m⣄[0m          [38;2;20;62;81m⠈[38;2;35;126;151m⢷[38;2;39;141;162m⡄[0m        
                       [38;2;15;61;94m⠈[38;2;15;62;95m⠛[38;2;18;73;108m⢿[38;2;21;85;123m⣿[38;2;25;96;135m⣿[38;2;27;100;140m⣶[38;2;53;105;135m⣌[38;2;172;178;184m⠻[38;2;187;192;196m⠿[38;2;159;165;172m⣛[38;2;186;190;195m⣩[38;2;187;192;196m⣥[38;2;182;187;192m⣶[38;2;202;206;209m⣶[38;2;209;212;215m⣶[38;2;203;206;210m⣶[38;2;210;214;216m⣦[38;2;195;199;203m⣄[0m         [38;2;26;95;133m⣾[38;2;36;135;165m⣿[0m        
            [38;2;30;107;126m⣀[38;2;39;143;163m⣠[38;2;39;142;162m⣤[38;2;36;130;150m⣤[38;2;28;96;115m⡐[38;2;35;126;146m⢶[38;2;41;152;175m⣶⣶[38;2;43;158;183m⣦[38;2;31;113;139m⣄[38;2;33;118;137m⠲[38;2;39;147;170m⣶[38;2;40;152;177m⣦[38;2;26;93;121m⣄[38;2;15;64;97m⠙[38;2;15;63;97m⣿[38;2;16;69;104m⣿[38;2;22;87;125m⣿[38;2;26;100;140m⣷[38;2;24;90;126m⡄[38;2;168;174;180m⢻[38;2;245;246;246m⣿[38;2;244;246;246m⣿[38;2;236;238;238m⣿[38;2;227;230;231m⣿[38;2;219;221;224m⣿[38;2;210;213;216m⣿[38;2;201;205;209m⣿[38;2;217;220;223m⡿[38;2;173;179;184m⠧[38;2;22;71;90m⠐[38;2;35;128;155m⣿[38;2;41;157;185m⣶[38;2;24;78;97m⠂[38;2;35;128;149m⣤[38;2;43;159;179m⣤[38;2;41;152;172m⣄[38;2;25;89;114m⣘[38;2;28;105;145m⠻[38;2;31;114;145m⠿[0m        
        [38;2;35;125;145m⣠[38;2;42;154;174m⣴[38;2;46;171;192m⣶[38;2;37;136;160m⣶[38;2;24;81;105m⢌[38;2;34;130;165m⣿[38;2;34;129;167m⣿[38;2;32;120;159m⣿[38;2;22;75;102m⢣[38;2;27;103;143m⣾[38;2;30;112;155m⣿⣿[38;2;29;111;154m⣿[38;2;24;86;121m⠏[38;2;25;97;136m⣴[38;2;27;104;146m⣿[38;2;27;103;144m⣿[38;2;26;100;141m⣿[38;2;23;88;126m⡆[38;2;15;62;95m⠈[38;2;15;65;99m⣿[38;2;16;66;100m⣿[38;2;16;68;102m⣿[38;2;24;93;132m⣿[38;2;22;80;114m⡆[38;2;131;139;148m⢡[38;2;213;216;218m⣤[38;2;225;228;229m⣤[38;2;245;246;246m⣤[38;2;187;192;196m⣶[38;2;206;210;213m⣶[38;2;224;227;228m⣶[38;2;240;242;242m⣶[38;2;247;248;248m⣶[38;2;139;146;154m⡆[38;2;21;80;115m⢹[38;2;22;86;124m⣿[38;2;21;78;112m⡗[38;2;26;98;137m⢸[38;2;31;117;158m⣿[38;2;34;128;167m⣿[38;2;36;136;170m⣿[38;2;39;144;164m⠁[38;2;42;158;180m⣤[38;2;33;116;135m⣄[0m       
     [38;2;38;139;159m⢀[38;2;48;179;199m⣀[38;2;32;116;136m⣛[38;2;34;125;151m⢻[38;2;34;128;166m⣿[38;2;30;113;155m⣿[38;2;27;101;141m⡇[38;2;25;93;130m⢾[38;2;28;106;148m⣿[38;2;25;97;137m⣿[38;2;21;82;118m⣿[38;2;17;61;91m⡈[38;2;20;79;114m⠻[38;2;18;72;107m⠿[38;2;17;69;102m⠟[38;2;16;66;101m⠛[38;2;14;50;77m⠂[38;2;15;63;96m⠙[38;2;15;64;97m⠻[38;2;15;65;99m⠿[38;2;16;66;100m⠿[38;2;15;62;94m⠟[0m [38;2;15;65;98m⣿[38;2;16;68;103m⣿[38;2;16;66;100m⣿[38;2;16;67;101m⣿[38;2;24;87;123m⡷[38;2;128;137;146m⠸[38;2;217;220;222m⢿[38;2;223;225;227m⣿[38;2;242;243;244m⣿[38;2;248;249;249m⣿⣿⣿⣿[38;2;245;247;247m⣿[38;2;150;157;164m⡇[38;2;14;56;86m⢈[38;2;14;59;90m⣉[0m [38;2;15;60;92m⠛[38;2;16;67;101m⠿[38;2;21;84;122m⠿[38;2;27;103;143m⠟[38;2;21;72;103m⢰[38;2;30;114;156m⣿[38;2;37;141;176m⣿[38;2;38;142;167m⡷[38;2;34;120;140m⠄[0m     
   [38;2;17;52;71m⢀[38;2;41;151;171m⣴[38;2;48;180;202m⣿[38;2;38;144;178m⣿[38;2;27;99;137m⣿[38;2;23;84;119m⠸[38;2;29;108;150m⣿[38;2;27;102;143m⣿[38;2;19;77;113m⣷[38;2;15;64;98m⠄[38;2;15;65;99m⠉[38;2;15;63;96m⠉[38;2;14;54;83m⣁[38;2;15;65;99m⣀⠠[38;2;15;62;94m⣶[38;2;16;67;101m⣶[38;2;17;70;104m⣶[38;2;16;62;93m⣿[38;2;15;64;96m⡶[38;2;15;64;98m⠶[38;2;14;55;85m⠖[38;2;22;70;89m⢀[38;2;40;151;176m⣠[38;2;25;95;132m⣾[38;2;29;110;152m⣿[38;2;29;109;151m⣿[38;2;16;67;102m⣿[38;2;17;70;104m⣿[38;2;24;88;124m⠃[38;2;182;187;192m⣼[38;2;208;211;214m⣷[38;2;196;200;204m⣶[38;2;236;238;239m⣤[38;2;152;159;166m⣭[38;2;154;161;168m⣭[38;2;160;167;173m⣭[38;2;181;186;191m⣭[38;2;157;163;170m⣷[0m [38;2;15;63;96m⣨[38;2;14;55;84m⠵[38;2;23;86;112m⣒[38;2;19;72;99m⡒[38;2;15;64;97m⢤[38;2;15;57;88m⣀[38;2;15;63;96m⠐[38;2;19;78;113m⢿[38;2;28;108;150m⣿[38;2;28;106;147m⣿[38;2;21;74;106m⢃[38;2;32;121;155m⣾[38;2;46;172;195m⣦[38;2;38;140;160m⡀[0m   
  [38;2;21;69;88m⢀[38;2;35;127;147m⣬[38;2;32;117;143m⣭[38;2;21;75;107m⢸[38;2;30;112;155m⣿⣿[38;2;27;101;141m⣷[38;2;16;61;92m⣬[38;2;14;55;84m⠉[0m [38;2;32;115;134m⠐[38;2;39;141;161m⠛[38;2;24;81;100m⣛[38;2;37;134;154m⣀[38;2;36;134;157m⣈[38;2;40;147;167m⣠[38;2;37;135;155m⣤[38;2;40;148;169m⣤[38;2;44;162;182m⣤[38;2;45;170;193m⣤[38;2;39;145;170m⣴[38;2;36;133;161m⣶[38;2;35;129;161m⣾[38;2;35;132;167m⣿[38;2;31;115;157m⣿[38;2;30;112;155m⣿[38;2;29;111;154m⣿[38;2;23;90;128m⣿[38;2;15;64;98m⠟[38;2;68;100;121m⢁[38;2;134;142;151m⣌[38;2;168;174;180m⡻[38;2;210;213;216m⢿[38;2;223;225;227m⣿[38;2;246;247;247m⣿[38;2;248;249;249m⣿⣿⣿[38;2;246;247;247m⣿[38;2;142;149;157m⡏[38;2;15;63;96m⢰[38;2;15;62;94m⣿[38;2;44;162;183m⢸[38;2;52;194;215m⣿[38;2;49;185;206m⣿[38;2;16;57;83m⢾[38;2;16;66;100m⣿[38;2;15;62;95m⣧[38;2;14;51;79m⡀[38;2;15;61;94m⢠[38;2;23;87;125m⣴[38;2;29;110;153m⣾[38;2;30;112;155m⣿[38;2;30;111;148m⣿[38;2;39;142;162m⠿[38;2;27;91;110m⠄[0m  
  [38;2;45;167;188m⣾[38;2;43;161;190m⣿[38;2;30;112;155m⣿[38;2;25;93;131m⣦[38;2;24;89;126m⡛[38;2;26;97;136m⠿[38;2;20;78;113m⠟[38;2;16;55;79m⢁[38;2;45;167;188m⣠[38;2;40;150;174m⣶[38;2;37;137;165m⣿[38;2;40;149;180m⣿[38;2;39;146;180m⣿[38;2;37;139;174m⣿[38;2;35;133;170m⣿[38;2;34;129;167m⣿[38;2;33;124;164m⣿[38;2;32;120;160m⣿[38;2;30;114;156m⣿[38;2;30;112;155m⣿⣿[38;2;29;111;154m⣿[38;2;28;106;147m⣿[38;2;27;98;137m⣿[38;2;28;107;148m⠿[38;2;27;99;139m⠟[38;2;40;86;115m⢋[38;2;145;159;170m⣁[38;2;77;89;102m⡰[38;2;211;214;217m⣿[38;2;248;249;249m⣿[38;2;237;238;239m⣿[38;2;212;215;217m⣷[38;2;217;220;222m⣦[38;2;176;181;187m⣬[38;2;159;166;172m⣭[38;2;176;181;187m⣭[38;2;147;154;162m⣭[38;2;91;102;113m⠉[38;2;38;136;156m⣤[38;2;43;160;180m⣶[38;2;33;122;145m⣌[38;2;14;58;89m⢶[38;2;22;86;116m⣭[38;2;19;77;108m⣥[38;2;18;69;98m⢎[38;2;46;170;191m⣴[38;2;46;172;193m⣦[38;2;22;79;102m⡅[0m [38;2;19;77;113m⠻[38;2;26;98;136m⣿[38;2;27;101;141m⡿[38;2;25;94;132m⢃[38;2;30;112;146m⣾[38;2;42;156;177m⣷[38;2;27;92;111m⡀[0m 
 [38;2;31;109;128m⢈[38;2;33;119;143m⣭[38;2;21;75;107m⡘[38;2;28;103;144m⣿[38;2;30;112;155m⣿[38;2;29;111;154m⣿[38;2;17;66;99m⡿[38;2;18;57;84m⢀[38;2;33;124;159m⣾[38;2;32;120;161m⣿[38;2;28;108;150m⣿[38;2;25;98;139m⣿[38;2;24;93;133m⡿[38;2;23;90;127m⠿[38;2;26;101;142m⠛[38;2;25;94;132m⠛[38;2;52;97;124m⣋[38;2;100;144;168m⣉[38;2;81;120;144m⣉[38;2;79;112;134m⢩[38;2;115;135;149m⣭[38;2;150;162;171m⣥[38;2;187;192;196m⡄[38;2;146;154;161m⣤[38;2;188;193;197m⣶[38;2;215;218;220m⣶[38;2;128;136;145m⡌[38;2;215;218;220m⢿[38;2;248;249;249m⣿[38;2;217;220;222m⣿[38;2;167;173;179m⣮[38;2;176;182;187m⣙[38;2;207;211;214m⠻[38;2;234;236;237m⠿[38;2;211;214;217m⣿[38;2;226;229;230m⣿[38;2;204;208;211m⣿[38;2;185;190;195m⠟[38;2;51;75;96m⢁[38;2;15;63;96m⢠[38;2;26;95;124m⡻[38;2;37;138;167m⠿[38;2;29;108;137m⢋[38;2;15;62;95m⡾[38;2;15;60;90m⢿[38;2;15;63;96m⠿[38;2;16;63;94m⣌[38;2;34;126;156m⠿[38;2;37;136;166m⠿[38;2;19;72;100m⣣[0m [38;2;14;50;78m⠐[38;2;24;95;135m⣶[38;2;28;103;143m⣾[38;2;29;110;152m⣿[38;2;30;112;155m⣿[38;2;42;156;184m⣿[38;2;40;148;168m⣇[0m 
 [38;2;44;161;181m⣾[38;2;39;147;180m⣿[38;2;27;102;143m⣿[38;2;25;91;128m⣬[38;2;26;97;136m⣙[38;2;23;85;121m⣋[38;2;14;49;76m⡀[38;2;26;99;138m⢸[38;2;25;96;136m⣿[38;2;19;77;114m⡿[38;2;15;60;92m⠟[38;2;73;101;122m⢁[38;2;188;193;197m⣴[38;2;227;229;231m⣶[38;2;166;172;179m⣿[38;2;191;196;200m⢸[38;2;248;249;249m⣿⣿[38;2;212;215;218m⣿[38;2;136;144;152m⠸[38;2;245;247;247m⣿[38;2;248;249;249m⣿[38;2;207;211;214m⣿[38;2;145;153;160m⡘[38;2;226;229;230m⣿[38;2;248;249;249m⣿[38;2;234;236;237m⣿[38;2;147;154;162m⣮[38;2;145;153;160m⡻[38;2;205;209;212m⣿[38;2;247;248;248m⣿[38;2;248;249;249m⣿[38;2;234;236;237m⣿[38;2;197;201;205m⣷[38;2;156;163;169m⠶[38;2;28;43;59m⠂[38;2;24;80;99m⣀[38;2;26;92;116m⣐[38;2;17;66;95m⣛[38;2;15;61;93m⠈[38;2;15;63;96m⢿[38;2;15;64;97m⣿[38;2;15;63;96m⣿[38;2;32;117;139m⢸[38;2;49;183;206m⣿[38;2;46;170;193m⣿[38;2;16;59;86m⢜[38;2;15;65;99m⣿[38;2;15;64;98m⣿[38;2;15;62;95m⠟[38;2;14;55;85m⣴[0m [38;2;24;94;133m⠻[38;2;28;103;144m⣿[38;2;27;100;140m⡿[38;2;24;87;123m⢋[38;2;28;105;144m⣤[38;2;28;97;116m⣍[0m 
 [38;2;40;145;165m⡿[38;2;33;125;161m⠛[38;2;28;104;145m⣿[38;2;30;112;155m⣿⣿[38;2;26;101;142m⣿[38;2;14;53;82m⡇[38;2;16;68;103m⢸[38;2;15;61;93m⡟[38;2;95;112;127m⢡[38;2;212;215;218m⣶[38;2;103;113;124m⡜[38;2;210;213;216m⣿[38;2;248;249;249m⣿[38;2;247;248;248m⣿[38;2;165;172;178m⣦[38;2;175;181;186m⢻[38;2;235;237;237m⣿[38;2;197;201;205m⡿[38;2;83;100;112m⢃[38;2;110;131;142m⣙[38;2;228;230;232m⠛[38;2;215;218;220m⠿[38;2;197;201;205m⣿[38;2;168;174;179m⣌[38;2;222;225;226m⠻[38;2;216;219;222m⣿[38;2;224;226;228m⣿[38;2;184;189;193m⣿[38;2;153;160;167m⠶[38;2;86;97;109m⠉[38;2;188;192;197m⠉[38;2;135;143;151m⠉[38;2;22;77;98m⣠[38;2;22;84;110m⣶[38;2;25;97;124m⠟[38;2;24;94;123m⠛[38;2;20;74;99m⣛[38;2;26;104;132m⠛[38;2;25;95;121m⠿[38;2;26;102;128m⣦[38;2;20;76;104m⡉[38;2;15;65;99m⠛[38;2;15;62;95m⠦[38;2;23;87;124m⠍[38;2;21;77;111m⠩[38;2;15;61;93m⠾[38;2;15;64;97m⢛[38;2;15;62;94m⣥[38;2;15;65;99m⣾[38;2;15;62;94m⡇[38;2;14;58;89m⢰[38;2;22;85;123m⣶[38;2;27;100;140m⣶[38;2;29;108;151m⣶[38;2;29;109;152m⣿[38;2;32;120;160m⣿[38;2;43;157;178m⣿[0m 
 [38;2;42;156;176m⢰[38;2;32;121;156m⣷[38;2;26;95;133m⣌[38;2;27;100;140m⠻[38;2;29;110;153m⠿[38;2;26;98;137m⠟[38;2;14;50;77m⠁[38;2;14;58;88m⠈[38;2;28;43;60m⠐[38;2;217;220;222m⣿[38;2;248;249;249m⣿[38;2;224;226;228m⣿[38;2;151;158;166m⣎[38;2;169;174;180m⡻[38;2;214;217;219m⣿[38;2;219;222;224m⡿[38;2;121;130;139m⠗[38;2;30;103;122m⢀[38;2;43;160;180m⣾[38;2;51;190;211m⣿[38;2;52;194;215m⣿[38;2;49;185;206m⣿[38;2;44;164;184m⣶[38;2;52;82;98m⡈[38;2;63;91;112m⣉[38;2;21;75;107m⡄[38;2;14;59;90m⣠[38;2;16;66;100m⣤[38;2;15;63;95m⣶[38;2;16;66;100m⣶[38;2;15;63;96m⣿⡿[38;2;21;79;115m⢠[38;2;17;69;100m⡿[38;2;21;72;94m⢡[38;2;44;162;182m⣾[38;2;50;189;210m⣿[38;2;52;194;215m⣿[38;2;49;182;202m⣿[38;2;46;170;191m⣦[38;2;15;60;91m⠘[38;2;19;74;103m⣿[38;2;15;60;91m⠈[38;2;15;63;96m⣿⣷⣾[38;2;15;64;98m⣿[38;2;16;66;100m⣿⣿[38;2;15;64;97m⡟[0m [38;2;16;63;96m⠸[38;2;28;107;149m⣿[38;2;29;111;154m⣿[38;2;29;108;150m⡿[38;2;25;89;126m⠟[38;2;29;105;136m⡙[38;2;37;136;156m⡿[0m 
 [38;2;33;117;136m⢸[38;2;42;160;190m⣿[38;2;30;112;155m⣿[38;2;29;107;149m⣿[38;2;26;97;136m⣿[38;2;27;103;143m⣿[38;2;22;88;126m⣿[38;2;14;57;87m⡀[38;2;164;170;176m⢸⣎[38;2;212;215;217m⠻[38;2;220;223;225m⣿[38;2;248;249;249m⣿[38;2;199;203;207m⣿[38;2;64;77;91m⠂[38;2;15;60;92m⢠[38;2;15;62;95m⣆[38;2;31;112;133m⠸[38;2;48;180;204m⣿[38;2;51;193;214m⣿[38;2;52;194;215m⣿[38;2;51;193;214m⣿[38;2;47;179;203m⣿[38;2;25;86;106m⠇[38;2;15;61;94m⣹[38;2;18;69;101m⠇[0m      [38;2;16;66;99m⢸[38;2;16;66;100m⡇[38;2;34;122;141m⠸[38;2;48;182;206m⣿[38;2;51;193;214m⣿[38;2;52;194;215m⣿[38;2;51;193;214m⣿[38;2;44;167;194m⣿[38;2;21;68;88m⠃[38;2;15;62;95m⣿[38;2;16;53;79m⠃[38;2;15;58;89m⣿[38;2;16;66;100m⣿⣿⣿[38;2;15;65;98m⣿[38;2;15;63;96m⠏[0m [38;2;18;75;111m⣾[38;2;26;98;138m⣷[38;2;25;91;128m⣮[38;2;27;100;139m⣥[38;2;27;99;138m⣶[38;2;29;110;149m⣿[38;2;40;148;172m⣿[0m  
  [38;2;37;138;158m⠿[38;2;27;100;130m⣉[38;2;26;96;135m⠻[38;2;28;106;147m⢿[38;2;29;111;153m⣿[38;2;27;102;142m⣿[38;2;17;68;100m⠃[38;2;51;77;99m⡈[38;2;197;201;205m⢿[38;2;223;226;228m⣿[38;2;214;217;219m⣶[38;2;194;199;202m⣭[38;2;120;129;138m⡅[0m  [38;2;14;56;86m⠉[0m [38;2;24;85;120m⠙[38;2;29;109;147m⠻[38;2;31;114;151m⠿[38;2;29;108;146m⠟[38;2;22;79;112m⠋[0m            [38;2;24;88;124m⠙[38;2;29;111;149m⠻[38;2;31;116;152m⠿[38;2;29;107;145m⠟[38;2;21;73;105m⠋[0m [38;2;14;49;76m⠁[0m [38;2;15;64;97m⠈[38;2;15;63;95m⠿[38;2;15;62;95m⠿[38;2;15;61;93m⠛[38;2;15;61;94m⢁[38;2;15;64;97m⣤[38;2;17;52;77m⠐[38;2;27;100;140m⣿[38;2;29;111;154m⣿[38;2;28;105;146m⣿[38;2;29;108;151m⠿[38;2;34;128;165m⢿[38;2;44;166;189m⣿[38;2;35;126;146m⠋[0m  
   [38;2;41;154;175m⢿[38;2;33;124;161m⣿[38;2;27;102;142m⣶[38;2;29;111;154m⣤[38;2;28;103;144m⣴[38;2;28;107;149m⣾[38;2;22;87;124m⣷[38;2;15;58;87m⡄[38;2;143;150;158m⠙[38;2;172;177;183m⣛[38;2;190;194;199m⣛[38;2;111;121;131m⣃[0m          [38;2;15;63;97m⢀[38;2;15;64;97m⣤[0m              [38;2;15;59;90m⣠[38;2;15;61;93m⡴[0m [38;2;15;61;94m⣤[38;2;15;63;97m⣴[38;2;15;61;93m⣶[38;2;16;54;81m⢠[38;2;22;87;125m⣿[38;2;27;102;144m⣿[38;2;27;103;143m⣿[38;2;27;101;140m⣶[38;2;30;112;155m⣤[38;2;28;103;139m⣶[38;2;34;125;149m⣶[38;2;36;129;149m⠘[38;2;29;102;121m⠁[0m   
  [38;2;26;89;108m⢰[38;2;32;115;135m⡌[38;2;42;158;179m⠻[38;2;35;133;165m⣿[38;2;28;104;144m⠿[38;2;27;99;139m⣿[38;2;29;107;149m⣿[38;2;28;106;147m⣿[38;2;26;100;140m⠇[38;2;15;60;90m⣤[38;2;98;122;140m⡈[38;2;180;185;190m⠻[38;2;176;182;187m⠿[38;2;113;123;133m⣀[0m       [38;2;15;63;96m⢀[38;2;15;60;91m⣠[38;2;15;63;97m⡉[38;2;21;81;116m⠿[38;2;18;57;83m⠁[0m            [38;2;18;61;85m⠐[38;2;30;116;144m⢿[38;2;30;113;138m⣇[38;2;21;80;116m⢸[38;2;25;96;136m⣿[38;2;26;101;143m⣿[38;2;28;106;148m⣿[38;2;28;105;146m⣦[38;2;24;89;125m⣝⣛[38;2;25;91;126m⡻[38;2;34;129;164m⣿[38;2;39;146;174m⣿[38;2;44;165;186m⠟[38;2;28;104;128m⢁[38;2;24;93;121m⣴[38;2;48;177;198m⡇[0m   
  [38;2;24;81;100m⠈[38;2;27;105;133m⢿[38;2;15;62;94m⣆[38;2;19;60;78m⠉[38;2;36;130;151m⢰[38;2;35;130;159m⣶[38;2;26;95;132m⣶[38;2;27;99;139m⣶[38;2;28;106;147m⣾[38;2;28;108;151m⣿[38;2;22;85;122m⣿[0m [38;2;15;61;94m⣤[38;2;42;73;96m⣉[38;2;14;49;76m⡀[0m [38;2;14;51;78m⢀[38;2;14;54;83m⣀[0m [38;2;16;66;100m⢤[38;2;19;77;113m⣤[38;2;18;73;107m⡌[38;2;24;92;120m⣻[38;2;26;97;121m⡿[0m                [38;2;32;112;131m⠙[38;2;23;75;94m⠃[38;2;31;115;148m⠻[38;2;35;131;162m⣿[38;2;36;136;166m⣿[38;2;37;137;165m⣿[38;2;39;146;173m⡿[38;2;41;156;180m⠟[38;2;27;91;110m⠁[38;2;31;109;128m⠋[0m  [38;2;15;65;98m⢸[38;2;19;77;110m⡿[38;2;36;131;151m⠇[0m   
    [38;2;15;62;95m⠙[38;2;14;50;77m⠂[0m [38;2;43;157;177m⠈[38;2;38;140;163m⠻[38;2;36;135;168m⠿[38;2;26;94;130m⢛[38;2;28;101;133m⣛[38;2;24;84;116m⣫[38;2;26;97;135m⣼[38;2;28;107;149m⣿[38;2;25;98;139m⣿[38;2;23;90;128m⣿[38;2;13;48;74m⠈[38;2;23;89;127m⣿[38;2;25;96;136m⣿[38;2;23;86;123m⡷[38;2;30;109;137m⢸[38;2;36;134;166m⣿[38;2;25;89;122m⠃[38;2;26;90;108m⠉[0m                            [38;2;14;47;74m⠐[38;2;15;65;98m⠋[38;2;14;52;80m⠁[0m    
          [38;2;16;48;66m⠈[38;2;43;162;182m⠉[38;2;42;155;175m⠛[38;2;40;151;176m⠻[38;2;34;127;156m⠿[38;2;27;100;137m⠋[38;2;29;105;132m⠡[38;2;36;131;152m⠾[38;2;37;135;161m⠿[38;2;39;147;175m⠛[0m [38;2;22;72;90m⠉[0m                                      
                                                            
