        [38;2;25;83;102m⢀[38;2;41;152;174m⣀[38;2;31;113;141m⣤[38;2;36;136;170m⣤[38;2;32;120;149m⣶[38;2;33;121;148m⣶[38;2;40;150;175m⣤[38;2;36;129;149m⣠[38;2;42;157;177m⣄[38;2;39;144;164m⡀[0m                    
     [38;2;23;76;95m⢀[38;2;39;143;163m⣴[38;2;38;143;170m⣾[38;2;37;139;174m⠿[38;2;30;113;154m⠿[38;2;28;107;148m⠿[38;2;27;105;146m⢿[38;2;28;104;145m⣿[38;2;23;82;114m⡖[38;2;34;123;150m⠯[38;2;30;113;148m⣛[38;2;43;162;185m⣿[38;2;49;185;206m⣿[38;2;36;131;152m⣤[0m                   
     [38;2;47;176;197m⣾[38;2;34;129;159m⢏[38;2;16;63;95m⡥[38;2;156;163;170m⢀[38;2;119;128;138m⣾[38;2;179;184;190m⣷[38;2;191;195;199m⡀[38;2;15;66;99m⢌[38;2;25;97;137m⠉[38;2;23;91;129m⡙[38;2;26;100;141m⠛[38;2;42;86;114m⣓[38;2;15;64;98m⠉[38;2;81;108;129m⣉[0m                   
    [38;2;21;69;87m⠘[38;2;44;167;190m⣿[38;2;18;74;110m⣼[38;2;22;87;125m⡇[38;2;167;173;179m⠾[38;2;208;212;214m⣿[38;2;231;233;234m⣶[38;2;179;184;189m⣿[38;2;212;215;218m⣦[38;2;70;98;118m⡁[38;2;15;65;99m⠘[38;2;16;66;100m⠇[38;2;152;159;166m⠏[0m [38;2;157;164;170m⠃[0m                   
     [38;2;40;147;167m⠹[38;2;32;121;157m⣿[38;2;27;103;143m⣿[38;2;106;126;140m⡹[38;2;197;201;205m⣷⣾[38;2;174;179;185m⣿[38;2;195;199;203m⣷[38;2;184;189;194m⣦[0m                        
      [38;2;39;144;167m⠈[38;2;30;111;146m⠻[38;2;27;103;143m⢿[38;2;27;100;140m⣦[38;2;61;99;123m⣘[38;2;136;144;153m⠿[38;2;142;149;157m⣿[38;2;187;191;196m⣾[38;2;193;198;202m⡷[38;2;103;113;124m⢄[38;2;131;139;148m⣀[0m                     
         [38;2;26;96;134m⠈[38;2;26;99;139m⠙[38;2;25;96;135m⠛[38;2;25;95;134m⠶[38;2;24;94;133m⣤[38;2;76;111;133m⣟[38;2;185;199;207m⡛[38;2;156;163;169m⢯[38;2;193;197;201m⣵[38;2;179;185;190m⣶[38;2;165;171;177m⠶[38;2;91;102;113m⣦[38;2;169;175;181m⣀[38;2;139;147;155m⣀[38;2;55;68;82m⡀[0m       [38;2;32;113;133m⢀[0m      
              [38;2;19;76;111m⠉[38;2;22;85;123m⠻[38;2;23;88;127m⢷[38;2;27;88;123m⣮[38;2;57;100;126m⣜[38;2;205;209;212m⠿[38;2;170;176;182m⣿[38;2;191;196;200m⣻[38;2;168;174;180m⣿[38;2;210;214;216m⣭[38;2;151;158;165m⣧[38;2;168;174;180m⣄[0m     [38;2;21;73;105m⢀[38;2;34;125;156m⣷[0m     
      [38;2;41;152;172m⣀[38;2;32;114;134m⡠[38;2;38;142;168m⢴[38;2;36;133;162m⣶[38;2;25;89;113m⡔[38;2;35;130;164m⣶[38;2;37;140;175m⣶[38;2;30;113;147m⡦[38;2;30;112;144m⣲[38;2;35;133;168m⣶[38;2;26;94;132m⣄[38;2;15;64;98m⠻[38;2;18;74;109m⣿[38;2;22;87;124m⣷[38;2;121;143;158m⡙[38;2;160;167;173m⣿[38;2;160;166;173m⣿[38;2;210;214;216m⣛[38;2;221;224;226m⣛[38;2;226;228;230m⣛[38;2;155;162;169m⣃[38;2;30;111;140m⢻[38;2;27;101;133m⣧[38;2;32;120;149m⢲[38;2;35;130;160m⣶[38;2;36;135;165m⡬[38;2;25;86;114m⢛[0m     
   [38;2;33;119;139m⣠[38;2;31;114;137m⣴[38;2;36;135;164m⢻[38;2;34;129;167m⣿[38;2;24;87;119m⡇[38;2;25;97;136m⣿[38;2;26;99;140m⠿[38;2;21;75;108m⠘[38;2;24;93;133m⠛[38;2;22;87;124m⠛[38;2;18;71;105m⠃[38;2;20;80;117m⠙[38;2;18;73;108m⠛[38;2;16;68;102m⠛[38;2;20;78;113m⢀[38;2;18;75;111m⣿[38;2;16;66;100m⣿[38;2;23;90;128m⡇[38;2;136;144;152m⣻[38;2;242;244;244m⠿[38;2;204;208;211m⣿[38;2;213;217;219m⣿[38;2;214;217;220m⣿[38;2;184;189;194m⡿[38;2;15;63;96m⠈[38;2;16;66;100m⠁[38;2;20;82;119m⠘[38;2;25;96;136m⠛[38;2;25;95;134m⢃[38;2;29;110;146m⣿[38;2;34;128;158m⣷[38;2;26;88;107m⢄[0m   
  [38;2;38;139;161m⣘[38;2;37;138;167m⢻[38;2;29;111;153m⣿[38;2;26;100;141m⣌[38;2;25;97;137m⠛[38;2;19;78;114m⠁[38;2;41;153;173m⠤[38;2;23;78;96m⢄[38;2;24;89;113m⣂[38;2;25;98;124m⣉[38;2;29;111;139m⣉[38;2;32;124;151m⣉[38;2;28;107;135m⣩[38;2;31;117;147m⣥[38;2;33;122;157m⣶[38;2;29;110;152m⣿[38;2;27;104;145m⣿[38;2;16;67;102m⠟[38;2;63;83;100m⣱[38;2;211;214;217m⢿[38;2;225;228;229m⣿[38;2;212;215;218m⣿[38;2;202;206;209m⣿[38;2;210;214;217m⣿[38;2;128;136;145m⡏[38;2;15;64;97m⡔[38;2;41;150;170m⣴[38;2;41;151;171m⣦[38;2;15;65;99m⢢[38;2;15;63;95m⡈[38;2;26;98;137m⠙[38;2;26;97;136m⣣[38;2;30;115;154m⣿[38;2;37;136;162m⡷[38;2;20;61;80m⡀[0m 
 [38;2;38;139;159m⠾[38;2;34;127;164m⢿[38;2;27;102;142m⣧[38;2;25;92;130m⣝[38;2;20;73;104m⢋[38;2;34;126;154m⣴[38;2;35;130;163m⣾[38;2;35;131;165m⣿[38;2;34;128;164m⣿[38;2;31;117;153m⣿[38;2;33;126;165m⠿[38;2;32;120;161m⠿[38;2;29;110;152m⠿[38;2;28;103;144m⠿[38;2;33;98;135m⢟[38;2;60;116;148m⣛[38;2;53;95;120m⣫[38;2;184;195;202m⣥[38;2;141;148;156m⣼[38;2;222;225;227m⢿[38;2;218;221;223m⣿[38;2;229;231;233m⣶[38;2;168;174;180m⣿[38;2;146;153;161m⣿[38;2;88;98;111m⠋[38;2;38;139;164m⣶[38;2;37;136;160m⡦[38;2;17;70;101m⣮[38;2;19;75;105m⡕[38;2;40;148;173m⢴[38;2;37;137;160m⣶[0m [38;2;25;95;134m⢙[38;2;28;104;144m⣛[38;2;27;100;137m⣼[38;2;39;145;169m⣷[0m 
[38;2;30;106;125m⢠[38;2;39;146;177m⣿[38;2;27;99;138m⣮[38;2;28;104;145m⣛[38;2;24;89;127m⡃[38;2;25;96;135m⢸[38;2;22;89;128m⡿[38;2;22;86;124m⠋[38;2;154;168;179m⣥[38;2;195;199;203m⣶[38;2;166;172;178m⣰[38;2;207;210;213m⣿[38;2;168;173;179m⣧[38;2;192;197;201m⣿[38;2;232;234;235m⣿[38;2;167;173;179m⡼[38;2;238;240;241m⣿[38;2;211;214;217m⣷[38;2;149;157;164m⣿[38;2;227;229;231m⢿[38;2;210;213;216m⣿[38;2;169;175;181m⣾[38;2;134;142;151m⠯[38;2;104;147;159m⣉[38;2;27;104;130m⣐[38;2;33;116;136m⡀[38;2;15;62;95m⢶[38;2;15;65;98m⡆[38;2;41;152;177m⢴[38;2;36;130;155m⣶[38;2;15;65;98m⢰[38;2;15;64;97m⡶[38;2;15;61;93m⡀[38;2;21;84;122m⠘[38;2;29;111;154m⠿[38;2;27;99;138m⢟[38;2;31;113;142m⣽[38;2;23;74;93m⡀[0m
[38;2;27;94;113m⠘[38;2;30;112;141m⣭[38;2;29;109;151m⠻[38;2;28;105;146m⣿[38;2;24;94;134m⠇[38;2;16;66;100m⠈[38;2;156;163;169m⣴[38;2;198;203;206m⣿[38;2;147;155;162m⣽[38;2;224;226;228m⣿[38;2;189;194;198m⣷[38;2;166;172;178m⠟[38;2;92;158;172m⣯[38;2;60;176;195m⣬[38;2;94;177;192m⣭[38;2;143;157;165m⡻[38;2;124;133;142m⠎[38;2;167;179;188m⢛[38;2;134;154;168m⣛[38;2;61;87;108m⣋[38;2;15;64;97m⡤[38;2;18;73;104m⢠[38;2;25;93;117m⢋[38;2;41;153;175m⣥[38;2;51;193;214m⣤[38;2;34;129;153m⣍[38;2;21;82;108m⢳[38;2;15;65;98m⠈⣄[38;2;15;64;97m⣠[38;2;15;65;99m⣥⣶⠃[38;2;23;90;129m⢸[38;2;28;105;146m⣿[38;2;29;108;151m⡿[38;2;35;130;161m⢿[38;2;28;96;115m⡇[0m
 [38;2;38;140;166m⣿[38;2;27;100;139m⣿[38;2;30;112;155m⣶[38;2;25;96;135m⣿[38;2;18;65;95m⡀[38;2;180;185;190m⣮[38;2;189;194;198m⣻[38;2;214;217;219m⢿[38;2;158;164;171m⠇[38;2;15;64;97m⠠[38;2;22;72;91m⠘[38;2;45;171;197m⢿[38;2;46;175;201m⣿[38;2;44;165;191m⣿[38;2;31;110;132m⠇[38;2;16;65;97m⠏[0m    [38;2;16;62;93m⠡[38;2;36;131;153m⠸[38;2;44;166;193m⣿[38;2;47;176;201m⣿[38;2;43;163;190m⡿[0m [38;2;17;62;92m⠁[38;2;15;65;99m⢿[38;2;16;66;100m⣿[38;2;15;65;99m⠿[38;2;16;66;100m⠁[38;2;24;91;129m⣰[38;2;28;104;145m⣶[38;2;24;89;125m⣿[38;2;33;123;160m⣶[38;2;35;127;151m⡷[0m 
 [38;2;24;82;101m⠈[38;2;37;137;164m⣶[38;2;27;102;142m⣭[38;2;26;99;138m⣭[38;2;26;101;142m⣴[38;2;77;117;142m⡌[38;2;175;181;186m⢻[38;2;178;183;188m⣿[38;2;111;121;131m⡀[0m   [38;2;19;65;94m⠉[0m  [38;2;16;66;100m⢀[0m       [38;2;19;64;92m⠉[0m [38;2;15;63;96m⣀[0m [38;2;15;64;97m⣠[38;2;15;65;99m⡄[38;2;21;81;116m⣰[38;2;24;95;134m⣷[38;2;28;108;149m⣬[38;2;28;105;144m⣭[38;2;29;103;131m⣭[38;2;36;133;156m⠛[0m  
 [38;2;29;101;120m⠰[38;2;29;107;131m⡎[38;2;35;131;162m⠛[38;2;29;108;144m⣛[38;2;28;106;148m⣛[38;2;27;100;139m⣣[38;2;25;96;136m⣤[38;2;180;186;190m⠉[38;2;101;111;122m⠳[0m     [38;2;21;83;114m⢤[38;2;23;85;113m⡌[0m         [38;2;34;126;149m⠳[38;2;25;92;122m⠜[38;2;30;113;151m⣿[38;2;33;124;162m⣿[38;2;33;122;154m⣾[38;2;32;119;150m⡭[38;2;32;117;147m⠽[38;2;39;144;168m⠛[38;2;20;77;105m⢡[38;2;29;111;136m⡾[0m  
  [38;2;16;66;100m⠈[0m [38;2;43;160;182m⠈[38;2;33;123;152m⠻[38;2;27;98;133m⠟[38;2;28;100;129m⣿[38;2;33;124;160m⣴[38;2;25;99;138m⣿[38;2;22;81;116m⡶[38;2;29;108;143m⣰[38;2;27;104;141m⣶[38;2;24;86;112m⢸[38;2;30;111;143m⠟[38;2;40;144;164m⠈[0m            [38;2;23;75;93m⠈[38;2;24;82;100m⠉[38;2;21;66;84m⠁[0m   [38;2;16;66;100m⠈[0m   
        [38;2;27;94;113m⠉[38;2;34;121;140m⠁[38;2;35;125;145m⠈[38;2;36;129;148m⠉[38;2;25;85;104m⠁[0m                         
